97
17 3 22 33 50 86 153 175 188 194 260 261 275 308 333 358 371 383 
16 25 33 41 85 101 124 134 164 173 182 210 225 253 262 271 292 
16 17 28 38 75 117 130 142 157 166 172 219 249 257 262 285 296 
16 28 36 44 88 104 127 137 167 176 185 203 228 256 265 274 295 
16 6 38 49 93 119 139 145 173 188 192 215 238 254 263 271 281 
16 9 20 28 64 101 117 137 159 169 200 207 231 253 275 282 294 
11 15 24 110 127 131 220 229 311 332 382 399 
11 33 50 108 122 141 231 245 306 340 353 365 
11 13 22 108 125 139 218 227 319 340 390 397 
11 11 30 106 123 137 216 225 317 338 388 395 
11 38 45 103 127 146 236 250 301 335 358 370 
11 5 50 107 117 135 207 243 311 346 365 378 
11 14 23 109 126 140 219 228 320 331 381 398 
11 31 48 106 130 149 239 243 304 338 351 363 
10 19 63 87 94 118 125 133 212 290 346 
10 26 55 76 95 127 139 146 227 292 310 
10 37 57 70 86 105 137 150 238 254 317 
10 21 60 71 100 122 134 141 222 297 305 
10 44 68 78 93 106 119 142 249 269 327 
10 8 57 78 87 102 118 122 207 279 333 
10 35 55 68 84 103 135 148 236 252 315 
10 39 59 62 88 107 139 142 240 256 319 
10 14 54 62 93 188 196 258 359 379 383 
10 35 66 71 89 152 161 271 356 378 394 
10 23 58 68 75 158 196 269 369 381 397 
10 24 59 69 76 159 197 270 370 382 398 
10 17 57 65 96 181 199 251 352 372 386 
10 22 57 67 74 157 195 268 368 390 396 
10 44 76 83 99 170 177 285 360 368 381 
10 33 64 79 87 160 169 279 354 376 392 
10 29 54 64 71 154 192 265 365 387 393 
7 70 139 192 201 299 365 389 
7 94 120 176 239 277 368 393 
7 91 117 173 236 274 365 400 
7 59 123 188 243 286 357 376 
7 85 106 167 226 269 352 390 
7 79 150 157 215 253 373 400 
7 82 103 164 223 266 359 387 
7 77 148 155 213 251 371 398 
7 61 140 193 202 300 366 390 
7 74 145 152 220 258 378 395 
7 63 132 195 204 292 368 382 
7 92 118 174 237 275 366 391 
7 75 146 153 211 259 379 396 
7 83 104 165 224 267 360 388 
7 33 66 77 96 149 207 387 
7 44 51 74 82 106 216 391 
7 27 52 62 84 137 243 372 
7 46 53 76 84 108 218 393 
7 14 52 80 94 122 239 364 
7 19 57 75 99 127 234 369 
6 30 74 84 141 207 372 
6 39 83 94 105 220 386 
6 29 73 83 150 206 371 
6 45 54 96 117 227 393 
6 19 65 75 131 250 368 
6 43 52 94 115 225 391 
6 33 63 88 102 226 383 
6 21 51 72 145 211 378 
6 40 70 85 109 223 390 
6 50 76 95 117 233 391 
6 11 66 91 140 202 368 
6 39 69 84 108 222 389 
6 16 61 96 135 207 363 
6 25 55 76 149 215 372 
6 31 61 86 110 224 381 
6 37 67 82 106 230 387 
5 33 80 146 247 382 
5 19 57 130 227 369 
5 46 85 106 204 398 
5 21 63 139 240 376 
5 22 64 140 231 377 
5 6 93 113 216 358 
5 49 88 109 207 391 
5 7 94 114 217 359 
5 8 95 115 218 360 
5 3 100 120 213 355 
5 35 61 132 216 397 
5 48 71 144 229 359 
5 7 86 107 234 365 
5 27 60 126 203 385 
5 37 63 134 218 399 
5 34 70 131 215 396 
5 29 52 128 205 387 
5 9 88 109 236 367 
5 20 96 112 247 380 
5 22 55 121 208 390 
4 88 144 276 383 
4 64 122 252 361 
4 85 141 273 390 
4 63 121 251 370 
4 52 117 297 358 
4 90 146 278 385 
4 72 135 266 375 
4 87 143 275 382 
4 83 149 271 388 
4 74 137 268 377 
