298
16 75 173 348 386 465 519 622 733 867 1280 1395 1447 1895 2305 2484 2534 
16 137 239 351 409 461 561 594 777 929 988 1428 1532 1644 2301 2424 2547 
16 15 79 370 427 477 553 614 652 817 1214 1338 1379 1851 2243 2381 2474 
16 123 157 332 434 449 567 606 717 851 1264 1379 1431 1879 2353 2468 2518 
16 86 184 359 397 476 530 633 744 878 1227 1406 1458 1906 2316 2495 2545 
16 221 300 369 408 496 566 613 683 837 1041 1484 1592 1723 2263 2362 2492 
16 201 280 349 388 476 546 593 663 881 1085 1528 1572 1703 2243 2342 2472 
16 208 287 356 395 483 553 600 670 888 1028 1535 1579 1710 2250 2349 2479 
16 216 295 364 403 491 561 608 678 896 1036 1479 1587 1718 2258 2357 2487 
16 206 285 354 393 481 551 598 668 886 1026 1533 1577 1708 2248 2347 2477 
16 3 283 381 424 451 545 633 751 901 1151 1300 1575 1761 2367 2381 2547 
16 235 314 383 422 510 516 627 697 851 1055 1498 1542 1673 2277 2312 2442 
16 41 105 332 389 503 515 640 678 779 1176 1300 1405 1813 2269 2407 2436 
16 233 312 381 420 508 514 625 695 849 1053 1496 1540 1671 2275 2310 2440 
16 128 162 337 439 454 572 611 722 856 1269 1384 1436 1884 2358 2473 2523 
16 181 219 331 389 505 541 638 821 909 968 1472 1512 1624 2281 2404 2527 
16 21 85 376 433 483 559 620 658 823 1156 1344 1385 1793 2249 2387 2480 
16 253 268 337 440 464 534 581 651 869 1073 1516 1560 1691 2295 2330 2460 
16 97 131 370 408 487 541 580 755 889 1238 1353 1469 1917 2327 2442 2556 
16 29 93 384 441 491 567 628 666 831 1164 1288 1393 1801 2257 2395 2488 
16 147 249 361 419 471 571 604 787 939 998 1438 1478 1654 2247 2370 2557 
16 248 263 332 435 459 529 640 646 864 1068 1511 1555 1686 2290 2325 2455 
16 196 275 344 447 471 541 588 658 876 1080 1523 1567 1698 2302 2337 2467 
16 131 233 345 403 455 555 588 771 923 982 1422 1526 1638 2295 2418 2541 
16 14 78 369 426 476 552 613 651 816 1213 1337 1378 1850 2242 2380 2473 
16 26 306 340 447 474 568 592 710 924 1110 1323 1598 1784 2326 2404 2506 
16 140 242 354 412 464 564 597 780 932 991 1431 1535 1647 2304 2427 2550 
16 43 259 357 400 491 521 609 727 941 1127 1340 1551 1737 2343 2421 2523 
16 19 83 374 431 481 557 618 656 821 1154 1342 1383 1855 2247 2385 2478 
16 14 294 328 435 462 556 580 762 912 1098 1311 1586 1772 2314 2392 2558 
16 11 75 366 423 473 549 610 648 813 1210 1334 1375 1847 2303 2377 2470 
16 34 314 348 391 482 576 600 718 932 1118 1331 1542 1792 2334 2412 2514 
16 32 96 323 444 494 570 631 669 770 1167 1291 1396 1804 2260 2398 2491 
16 46 110 337 394 508 520 581 683 784 1181 1305 1346 1818 2274 2412 2441 
16 73 171 346 448 463 517 620 731 865 1278 1393 1445 1893 2367 2482 2532 
16 203 282 351 390 478 548 595 665 883 1087 1530 1574 1705 2245 2344 2474 
16 114 148 323 425 504 558 597 708 842 1255 1370 1422 1870 2344 2459 2509 
16 46 262 360 403 494 524 612 730 944 1130 1343 1554 1740 2346 2424 2526 
16 242 257 326 429 453 523 634 704 858 1062 1505 1549 1680 2284 2319 2449 
16 59 275 373 416 507 537 625 743 957 1143 1292 1567 1753 2359 2373 2539 
16 183 221 333 391 507 543 640 823 911 970 1410 1514 1626 2283 2406 2529 
16 50 266 364 407 498 528 616 734 948 1134 1283 1558 1744 2350 2428 2530 
21 44 89 469 527 582 724 1146 1402 1445 1597 1910 1928 2048 2105 2173 2182 2265 2361 2390 2436 2502 
21 111 183 355 527 634 802 1167 1327 1412 1525 1622 1971 2042 2084 2148 2187 2271 2311 2375 2443 2524 
21 109 181 353 525 632 800 1165 1325 1410 1523 1620 1969 2040 2082 2146 2185 2269 2309 2373 2441 2522 
21 206 315 383 385 487 924 996 1290 1465 1557 1765 1972 2048 2086 2132 2207 2303 2332 2395 2442 2543 
21 74 146 382 554 597 829 1194 1290 1439 1488 1649 1934 2005 2111 2175 2214 2298 2338 2402 2470 2551 
21 65 137 373 545 588 820 1185 1281 1430 1479 1640 1925 1996 2102 2166 2205 2289 2329 2393 2461 2542 
21 197 306 374 440 478 915 987 1281 1456 1548 1756 1963 2039 2077 2123 2198 2294 2323 2386 2433 2534 
21 40 264 439 510 528 694 1049 1339 1377 1522 1832 1927 2017 2097 2147 2211 2280 2351 2375 2450 2537 
21 118 190 362 534 577 809 1174 1334 1419 1532 1629 1978 1985 2091 2155 2194 2278 2318 2382 2450 2531 
21 185 228 354 447 591 871 1223 1385 1480 1584 1704 1927 2010 2051 2115 2188 2302 2356 2428 2441 2526 
21 63 287 398 469 551 653 1072 1298 1400 1481 1855 1950 2040 2056 2170 2234 2303 2310 2398 2473 2560 
21 2 290 401 472 554 656 1075 1301 1403 1484 1794 1953 2043 2059 2173 2237 2242 2313 2401 2476 2499 
21 223 268 336 402 504 941 1013 1307 1418 1574 1782 1925 2001 2103 2149 2224 2256 2349 2412 2459 2560 
21 17 126 506 564 619 761 1119 1375 1418 1570 1883 1965 2021 2078 2146 2219 2302 2334 2427 2473 2539 
21 64 109 489 547 602 744 1102 1358 1465 1553 1866 1948 2004 2061 2129 2202 2285 2317 2410 2456 2522 
21 123 131 367 539 582 814 1179 1339 1424 1473 1634 1983 1990 2096 2160 2199 2283 2323 2387 2455 2536 
21 44 268 443 450 532 698 1053 1343 1381 1526 1836 1931 2021 2101 2151 2215 2284 2355 2379 2454 2541 
21 19 307 418 489 571 673 1028 1318 1356 1501 1811 1970 1996 2076 2126 2190 2259 2330 2418 2493 2516 
21 113 185 357 529 636 804 1169 1329 1414 1527 1624 1973 2044 2086 2150 2189 2273 2313 2377 2445 2526 
21 41 86 466 524 579 721 1143 1399 1442 1594 1907 1925 2045 2102 2170 2179 2262 2358 2387 2433 2499 
21 36 81 461 519 638 716 1138 1394 1437 1589 1902 1984 2040 2097 2165 2238 2257 2353 2382 2492 2558 
21 171 214 340 433 577 857 1273 1371 1530 1570 1690 1977 1996 2101 2165 2238 2288 2342 2414 2491 2512 
21 46 91 471 529 584 726 1148 1404 1447 1599 1912 1930 1986 2107 2175 2184 2267 2363 2392 2438 2504 
22 344 467 552 620 664 844 925 1089 1164 1221 1480 1566 1691 1776 1980 2110 2164 2226 2271 2327 2415 2542 
22 338 461 546 614 658 838 919 1147 1158 1279 1474 1560 1685 1770 1974 2104 2158 2220 2265 2321 2409 2536 
22 384 409 489 635 665 755 813 996 1086 1234 1283 1351 1818 1916 1968 2034 2076 2184 2356 2426 2475 2514 
22 445 504 549 589 784 837 923 1055 1123 1205 1446 1536 1604 1683 2009 2076 2121 2236 2251 2350 2471 2543 
22 356 445 461 607 701 727 785 968 1058 1270 1319 1387 1854 1888 1940 2006 2112 2220 2328 2398 2447 2550 
22 366 417 482 515 736 775 835 1004 1052 1091 1379 1437 1650 1862 1979 2029 2080 2122 2267 2382 2483 2501 
22 321 508 529 597 641 885 902 1130 1205 1262 1521 1543 1668 1753 1957 2087 2141 2203 2248 2368 2392 2519 
22 356 407 472 569 726 829 889 994 1042 1145 1369 1427 1640 1916 1969 2019 2070 2176 2257 2372 2473 2555 
22 336 445 531 609 665 728 940 997 1191 1270 1300 1545 1790 1842 1952 2034 2160 2198 2242 2306 2412 2468 
22 370 421 486 519 740 779 839 1008 1056 1095 1383 1441 1654 1866 1983 2033 2084 2126 2271 2386 2487 2505 
22 383 408 488 634 664 754 812 995 1085 1233 1282 1350 1817 1915 1967 2033 2075 2183 2355 2425 2474 2513 
22 363 414 479 576 733 772 896 1001 1049 1152 1376 1434 1647 1859 1976 2026 2077 2119 2264 2379 2480 2498 
22 325 434 520 598 654 717 929 986 1180 1259 1289 1598 1779 1831 1941 2023 2149 2187 2295 2359 2401 2457 
22 347 398 463 560 717 820 880 985 1033 1136 1360 1418 1631 1907 1960 2010 2061 2167 2248 2427 2464 2546 
22 388 511 556 596 791 844 930 1062 1130 1212 1453 1479 1611 1690 2016 2083 2128 2179 2258 2357 2478 2550 
22 328 451 536 604 648 892 909 1137 1212 1269 1528 1550 1675 1760 1964 2094 2148 2210 2255 2311 2399 2526 
22 358 481 566 634 678 858 939 1103 1178 1235 1494 1580 1705 1790 1930 2060 2114 2240 2285 2341 2429 2556 
22 334 457 542 610 654 834 915 1143 1154 1275 1534 1556 1681 1766 1970 2100 2154 2216 2261 2317 2405 2532 
22 408 467 576 616 811 864 950 1082 1150 1168 1409 1499 1631 1710 2036 2103 2148 2199 2278 2313 2434 2506 
22 337 426 506 588 682 708 830 1013 1039 1251 1300 1368 1835 1869 1921 1987 2093 2201 2309 2379 2492 2531 
22 354 443 459 605 699 725 783 966 1056 1268 1317 1385 1852 1886 1938 2004 2110 2218 2326 2396 2445 2548 
22 448 507 552 592 787 840 926 1058 1126 1208 1449 1475 1607 1686 2012 2079 2124 2239 2254 2353 2474 2546 
22 423 482 527 631 826 879 901 1033 1101 1183 1424 1514 1646 1725 1987 2054 2163 2214 2293 2328 2449 2521 
22 376 421 571 585 641 768 916 973 1167 1246 1340 1585 1766 1818 1928 2010 2136 2238 2282 2346 2388 2444 
14 68 138 311 383 632 697 752 932 1456 2224 2329 2406 2488 2539 
14 31 186 312 490 543 832 886 932 1312 2074 2301 2359 2400 2550 
14 50 71 193 514 603 648 840 910 1396 2170 2246 2307 2379 2471 
14 6 91 213 534 623 668 860 930 1352 2126 2266 2327 2399 2491 
14 32 117 239 560 585 694 886 956 1378 2152 2292 2353 2425 2453 
14 46 137 263 505 558 783 837 947 1327 2089 2252 2310 2415 2501 
14 12 167 293 471 524 813 867 913 1293 2055 2282 2340 2381 2531 
14 66 216 293 418 472 762 777 859 1543 1999 2288 2307 2445 2553 
14 104 174 283 355 604 669 724 904 1428 2196 2365 2378 2460 2511 
14 89 159 268 340 589 654 709 953 1413 2181 2350 2427 2445 2560 
14 118 204 281 406 460 750 829 847 1595 1987 2276 2359 2433 2541 
14 61 192 194 331 442 693 745 788 1496 1926 2286 2373 2459 2513 
14 7 138 204 341 388 703 755 798 1506 1936 2296 2383 2469 2523 
14 9 164 290 468 521 810 864 910 1290 2052 2279 2337 2378 2528 
14 46 67 253 574 599 644 836 906 1392 2166 2242 2367 2375 2467 
14 13 98 220 541 630 675 867 937 1359 2133 2273 2334 2406 2434 
14 12 97 219 540 629 674 866 936 1358 2132 2272 2333 2405 2433 
14 4 159 285 463 516 805 859 905 1285 2111 2274 2332 2373 2523 
14 32 163 229 366 413 664 716 823 1531 1961 2257 2408 2494 2548 
14 56 187 253 326 437 688 740 783 1491 1921 2281 2432 2454 2508 
14 22 153 219 356 403 654 706 813 1521 1951 2247 2398 2484 2538 
14 121 191 300 372 621 686 741 921 1445 2213 2318 2395 2477 2528 
14 78 148 257 329 578 643 762 942 1466 2234 2339 2416 2434 2549 
31 122 168 245 288 360 437 469 539 636 723 868 955 969 1106 1240 1290 1387 1451 1531 1654 1685 1776 1819 1913 1937 2084 2161 2179 2324 2428 2443 
31 41 112 157 299 323 427 508 572 631 759 779 952 984 1106 1179 1287 1381 1535 1538 1619 1687 1732 1854 1860 1975 1997 2112 2166 2298 2316 2520 
31 60 110 139 199 377 444 494 514 634 694 784 873 1043 1157 1233 1291 1384 1424 1567 1662 1708 1784 1827 1877 1996 2067 2132 2238 2260 2322 2417 
31 12 192 254 296 337 402 487 543 627 681 830 938 972 1065 1176 1405 1444 1524 1563 1641 1695 1757 1834 1871 1923 2032 2119 2220 2416 2465 2545 
31 39 155 217 259 364 429 450 570 590 644 793 901 999 1028 1203 1368 1471 1487 1590 1604 1722 1784 1797 1898 1950 1995 2146 2183 2379 2492 2508 
31 15 86 131 273 361 401 482 546 605 733 817 926 1022 1144 1153 1325 1355 1509 1576 1657 1725 1770 1828 1898 1949 2035 2086 2140 2272 2354 2558 
31 115 161 238 281 353 430 462 532 629 716 861 948 962 1099 1233 1283 1380 1444 1524 1647 1678 1769 1812 1906 1930 2077 2154 2236 2317 2421 2436 
31 118 164 241 284 356 433 465 535 632 719 864 951 965 1102 1236 1286 1383 1447 1527 1650 1681 1772 1815 1909 1933 2080 2157 2239 2320 2424 2439 
31 56 70 240 259 340 435 461 541 608 690 752 842 1032 1139 1219 1324 1465 1491 1554 1617 1711 1784 1835 1898 1977 2010 2109 2239 2281 2489 2538 
31 94 140 217 260 332 409 505 575 608 759 840 927 1005 1142 1276 1326 1359 1423 1503 1626 1721 1748 1855 1885 1973 2056 2133 2215 2360 2400 2479 
31 10 190 252 294 335 400 485 541 625 679 828 936 970 1063 1174 1403 1442 1522 1561 1639 1693 1755 1832 1869 1921 2030 2117 2218 2414 2463 2543 
31 125 171 248 291 363 440 472 542 639 726 871 958 972 1109 1243 1293 1390 1454 1534 1657 1688 1779 1822 1916 1940 2087 2164 2182 2327 2431 2446 
31 40 90 183 243 357 424 474 558 614 674 828 853 1087 1201 1277 1335 1364 1468 1547 1642 1688 1764 1807 1857 2040 2111 2176 2218 2304 2366 2397 
32 36 68 190 254 298 356 512 535 697 710 784 973 1050 1146 1154 1254 1425 1479 1597 1657 1686 1767 1821 1870 2021 2100 2221 2276 2355 2423 2479 2518 
32 56 66 172 224 279 350 494 606 794 867 935 981 1043 1098 1196 1275 1324 1359 1554 1613 1704 1739 1807 1863 2023 2136 2193 2281 2315 2402 2469 2513 
32 61 96 162 235 284 402 523 620 733 807 860 1021 1031 1138 1154 1244 1292 1514 1592 1650 1668 1753 1801 1877 1969 2112 2166 2274 2320 2403 2470 2518 
32 8 119 134 193 310 322 400 569 655 895 925 991 1038 1129 1214 1237 1298 1387 1409 1648 1683 1779 1813 1866 1962 2064 2188 2247 2310 2379 2437 2509 
32 22 121 187 196 309 427 548 581 758 832 885 982 1056 1099 1179 1269 1317 1475 1553 1611 1693 1778 1826 1902 1930 2073 2127 2299 2345 2428 2495 2543 
32 55 90 156 229 278 396 517 614 727 801 854 1015 1025 1132 1212 1238 1286 1508 1586 1644 1726 1747 1795 1871 1963 2106 2160 2268 2314 2397 2464 2512 
32 4 115 130 253 306 382 396 565 651 891 921 987 1034 1125 1210 1233 1294 1383 1469 1644 1679 1775 1809 1862 1958 2060 2184 2243 2306 2375 2433 2505 
32 48 95 174 233 286 362 440 545 695 871 901 967 1078 1105 1190 1277 1338 1363 1449 1624 1723 1755 1853 1906 1938 2104 2228 2287 2350 2419 2477 2549 
32 1 112 191 250 303 379 393 562 648 888 918 984 1031 1122 1207 1230 1291 1380 1466 1641 1676 1772 1806 1859 1955 2057 2181 2304 2367 2372 2494 2502 
32 60 92 150 214 258 380 472 559 657 734 808 997 1074 1106 1178 1278 1449 1503 1557 1617 1710 1791 1845 1894 2045 2060 2181 2300 2315 2383 2439 2542 
32 53 85 143 207 315 373 465 552 650 727 801 990 1067 1099 1171 1271 1442 1496 1550 1610 1703 1784 1838 1887 2038 2053 2238 2293 2308 2376 2496 2535 
32 28 100 176 217 274 441 497 602 668 705 947 1018 1025 1147 1173 1274 1394 1444 1522 1637 1669 1767 1815 1868 1952 1992 2117 2289 2335 2432 2459 2522 
32 57 104 183 242 295 371 385 554 704 880 910 976 1087 1114 1199 1222 1283 1372 1458 1633 1668 1764 1798 1915 1947 2049 2237 2296 2359 2428 2486 2558 
12 328 478 598 655 766 1479 1967 2118 2200 2279 2430 2536 
12 423 535 634 681 898 1457 2066 2154 2207 2323 2456 2547 
12 332 422 547 727 769 1567 1975 1988 2221 2299 2326 2493 
12 362 388 513 757 799 1597 1941 2018 2187 2265 2356 2459 
12 372 398 523 767 809 1543 1951 2028 2197 2275 2366 2469 
12 338 474 532 865 919 1368 2005 2111 2120 2254 2388 2441 
12 333 469 527 860 914 1363 2000 2106 2115 2249 2383 2436 
12 327 463 521 854 908 1357 1994 2100 2173 2243 2377 2494 
12 411 523 622 669 950 1445 2054 2142 2195 2311 2444 2535 
12 321 457 515 848 902 1351 1988 2094 2167 2301 2371 2488 
12 425 496 619 775 836 1310 1951 2036 2096 2340 2426 2523 
12 369 505 563 896 950 1399 2036 2078 2151 2285 2419 2472 
12 428 499 622 778 839 1313 1954 2039 2099 2343 2429 2526 
12 388 459 582 802 863 1337 1978 1999 2059 2367 2389 2550 
12 416 528 627 674 955 1450 2059 2147 2200 2316 2449 2540 
12 396 467 590 810 871 1281 1922 2007 2067 2311 2397 2558 
12 448 455 578 798 859 1333 1974 1995 2055 2363 2385 2546 
12 359 495 553 886 940 1389 2026 2068 2141 2275 2409 2462 
12 323 459 517 850 904 1353 1990 2096 2169 2303 2373 2490 
12 371 397 522 766 808 1542 1950 2027 2196 2274 2365 2468 
12 373 435 568 814 886 1311 1393 1447 2071 2282 2320 2465 
12 334 502 605 706 832 1291 1349 1547 2035 2254 2420 2508 
12 388 515 623 678 727 1282 1476 1584 1978 2342 2434 2505 
12 422 474 626 873 935 1385 1471 1516 2137 2307 2370 2509 
12 355 459 626 727 789 1312 1370 1568 1992 2275 2377 2529 
12 355 453 563 642 931 1457 1517 1596 2226 2247 2431 2485 
12 376 474 520 663 952 1414 1474 1553 2183 2268 2388 2442 
12 337 505 608 709 771 1294 1352 1550 2038 2257 2423 2511 
12 332 494 540 683 908 1434 1494 1573 2203 2288 2408 2462 
12 324 386 519 829 837 1326 1408 1462 2086 2297 2335 2480 
12 433 485 637 884 946 1396 1418 1527 2148 2318 2381 2520 
12 354 416 549 795 867 1292 1374 1428 2052 2263 2365 2446 
12 445 497 585 896 958 1408 1430 1475 2160 2330 2393 2532 
12 358 456 566 645 934 1460 1520 1599 2229 2250 2370 2488 
12 321 489 592 757 819 1342 1400 1598 2022 2241 2407 2559 
12 345 507 553 696 921 1447 1507 1586 2216 2301 2421 2475 
12 342 404 537 783 855 1344 1362 1416 2104 2251 2353 2434 
12 328 496 599 764 826 1285 1407 1541 2029 2248 2414 2502 
12 354 452 562 641 930 1456 1516 1595 2225 2246 2430 2484 
12 343 405 538 784 856 1281 1363 1417 2105 2252 2354 2435 
11 122 439 454 543 658 756 947 1385 2339 2429 2470 
11 208 336 517 612 730 828 868 1522 2283 2460 2519 
11 123 440 455 544 659 757 948 1386 2340 2430 2471 
11 105 422 501 526 641 739 930 1368 2322 2412 2453 
11 76 393 472 561 676 710 901 1403 2357 2383 2488 
11 187 512 548 577 670 706 779 1459 2394 2435 2516 
11 15 346 401 490 685 861 909 1342 2278 2341 2430 
11 226 354 535 630 748 782 886 1476 2301 2478 2537 
11 84 401 480 569 684 718 909 1347 2365 2391 2496 
11 201 329 574 605 723 821 861 1515 2276 2453 2512 
11 264 360 426 592 817 834 902 1572 2268 2326 2559 
11 90 407 486 575 690 724 915 1353 2307 2397 2438 
11 17 348 403 492 687 863 911 1344 2280 2343 2432 
11 224 352 533 628 746 780 884 1474 2299 2476 2535 
11 193 321 566 597 715 813 853 1507 2268 2445 2504 
11 117 434 449 538 653 751 942 1380 2334 2424 2465 
11 32 363 418 507 702 878 926 1295 2295 2358 2383 
11 48 379 434 459 654 894 942 1311 2247 2310 2399 
11 125 442 457 546 661 759 950 1388 2342 2432 2473 
11 110 427 506 531 646 744 935 1373 2327 2417 2458 
10 369 499 626 671 813 943 1082 1531 2355 2555 
10 368 397 517 671 732 856 1107 1565 2278 2399 
10 352 445 565 655 716 840 1091 1549 2262 2383 
10 401 570 607 761 869 946 987 1449 2272 2496 
10 336 466 593 702 780 910 1049 1498 2322 2522 
10 366 395 515 669 730 854 1105 1563 2276 2397 
10 345 475 602 647 789 919 1058 1507 2331 2531 
10 373 402 522 676 737 861 1112 1570 2283 2404 
10 358 387 571 661 722 846 1097 1555 2268 2389 
10 435 540 577 731 839 916 1021 1419 2242 2466 
10 357 487 614 659 801 931 1070 1519 2343 2543 
10 397 566 603 757 865 942 983 1445 2268 2492 
10 367 464 551 696 774 863 1265 1376 2431 2532 
10 385 470 623 709 809 953 1210 1335 2367 2492 
10 340 501 524 669 811 836 1238 1349 2404 2505 
10 364 461 548 693 771 860 1262 1373 2428 2529 
10 393 478 631 717 817 897 1154 1343 2311 2436 
10 434 455 608 758 794 938 1195 1320 2352 2477 
10 375 472 559 704 782 871 1273 1384 2375 2540 
10 447 468 621 707 807 951 1208 1333 2365 2490 
9 396 615 1401 1419 1595 1735 2290 2325 2475 
9 325 571 1282 1378 1519 1673 2254 2392 2560 
9 467 586 1337 1428 1590 1602 2348 2495 2503 
9 394 613 1399 1417 1593 1733 2288 2323 2473 
9 413 632 1354 1436 1548 1752 2243 2342 2492 
9 463 582 1333 1424 1586 1662 2344 2491 2499 
9 392 570 1367 1500 1553 1862 2284 2372 2456 
9 369 475 1317 1422 1490 1818 2347 2417 2559 
9 347 453 1295 1464 1532 1796 2325 2395 2537 
9 322 568 1343 1375 1516 1670 2251 2389 2557 
9 502 621 1308 1463 1561 1637 2319 2466 2538 
9 423 537 1398 1531 1584 1893 2251 2403 2487 
9 330 500 1342 1447 1515 1843 2308 2378 2520 
9 450 633 1320 1411 1573 1649 2331 2478 2550 
9 340 522 1297 1393 1534 1688 2269 2407 2511 
9 333 515 1290 1386 1527 1681 2262 2400 2504 
9 394 572 1369 1502 1555 1864 2286 2374 2458 
9 401 515 1376 1509 1562 1871 2293 2381 2465 
9 328 574 1285 1381 1522 1676 2257 2395 2499 
9 335 517 1292 1388 1529 1683 2264 2402 2506 
9 204 383 478 529 682 2074 2275 2381 2510 
9 256 371 466 517 670 2062 2263 2369 2498 
9 106 332 428 533 861 1926 2247 2423 2469 
9 304 410 565 602 739 2117 2280 2334 2482 
9 245 360 455 570 659 2051 2252 2422 2551 
9 286 392 547 584 721 2163 2262 2316 2464 
9 89 379 411 516 844 1973 2294 2406 2452 
9 104 330 426 531 859 1924 2245 2421 2467 
9 114 340 436 541 869 1934 2255 2431 2477 
9 4 360 480 636 810 2231 2307 2399 2536 
9 115 341 437 542 870 1935 2256 2432 2478 
9 252 367 462 513 666 2058 2259 2429 2558 
9 42 334 454 610 784 2205 2345 2373 2510 
9 155 385 458 629 957 2040 2309 2482 2534 
9 179 409 482 589 917 2000 2333 2442 2558 
9 288 394 549 586 723 2165 2264 2318 2466 
9 163 393 466 637 901 2048 2317 2490 2542 
9 60 352 472 628 802 2223 2363 2391 2528 
9 86 376 408 513 841 1970 2291 2403 2449 
9 262 432 523 624 761 2139 2302 2356 2440 
8 506 549 608 694 848 929 1245 2523 
8 390 465 527 809 855 909 1190 2493 
8 478 521 580 666 884 901 1217 2559 
8 339 519 640 688 748 911 985 2263 
8 355 535 592 704 764 927 1001 2279 
8 489 532 591 677 895 912 1228 2506 
8 355 412 638 641 716 770 1028 2367 
8 336 429 453 720 818 871 1114 2426 
8 483 526 585 671 889 906 1222 2500 
8 381 438 600 667 742 796 1054 2329 
8 345 402 628 695 706 824 1082 2357 
8 459 566 625 647 865 946 1262 2540 
8 512 555 614 700 854 935 1251 2529 
8 356 413 639 642 717 771 1029 2368 
8 469 576 635 657 875 956 1272 2550 
8 339 432 456 723 821 874 1117 2429 
8 472 515 638 660 878 959 1275 2553 
8 365 394 482 749 783 836 1143 2391 
8 427 502 564 782 892 946 1163 2466 
8 471 514 637 659 877 958 1274 2552 
8 427 587 824 888 1349 1580 2311 2467 
8 457 599 670 755 1466 1561 2348 2537 
8 344 465 874 957 1281 1428 2430 2536 
8 340 565 717 801 1316 1484 2283 2379 
8 460 602 673 758 1469 1564 2351 2540 
8 455 597 668 753 1464 1559 2346 2535 
8 386 610 783 847 1372 1539 2334 2490 
8 391 527 654 959 1358 1533 2281 2486 
8 427 563 690 931 1394 1505 2253 2458 
8 490 632 703 724 1435 1594 2317 2506 
8 344 569 721 805 1320 1488 2287 2383 
8 415 639 812 876 1401 1568 2363 2455 
8 466 608 679 764 1411 1570 2357 2546 
8 422 558 685 926 1389 1500 2248 2453 
8 459 601 672 757 1468 1563 2350 2539 
8 481 623 694 715 1426 1585 2308 2497 
8 437 597 770 834 1359 1590 2321 2477 
8 374 535 751 771 1286 1518 2253 2413 
8 402 538 665 906 1369 1480 2292 2433 
8 390 526 653 958 1357 1532 2280 2485 
