298
16 216 299 341 441 501 525 635 691 778 1128 1361 1531 1836 2309 2458 2531 
16 221 304 346 446 506 530 640 696 783 1133 1366 1536 1841 2314 2463 2536 
16 205 288 330 430 490 514 624 680 831 1117 1350 1520 1825 2362 2447 2520 
16 172 222 365 395 459 545 640 738 932 1044 1332 1411 1743 2283 2420 2452 
16 199 282 324 424 484 572 618 674 825 1111 1408 1514 1819 2356 2441 2514 
16 27 298 374 395 468 552 621 707 837 1216 1471 1589 1875 2255 2426 2528 
16 65 169 359 439 474 520 582 657 853 1014 1376 1591 1726 2312 2400 2559 
16 174 224 367 397 461 547 578 740 934 1046 1334 1413 1745 2285 2422 2454 
16 28 110 370 400 451 573 598 785 948 1278 1299 1510 1601 2277 2336 2496 
16 50 68 328 422 473 531 620 807 906 1236 1321 1532 1623 2299 2358 2454 
16 129 243 322 416 480 566 597 759 953 1065 1289 1432 1764 2304 2377 2473 
16 84 188 378 394 493 539 601 676 872 969 1395 1546 1681 2331 2419 2514 
16 4 275 351 436 509 529 598 748 878 1193 1448 1566 1916 2296 2403 2505 
16 64 271 347 432 505 525 594 744 874 1189 1444 1562 1912 2292 2399 2501 
16 167 217 360 390 454 540 635 733 927 1039 1327 1470 1738 2278 2415 2447 
16 196 279 321 421 481 569 615 671 822 1108 1405 1511 1816 2353 2438 2511 
16 103 143 333 413 512 558 620 695 891 988 1350 1565 1700 2350 2374 2533 
16 39 310 322 407 480 564 633 719 849 1164 1419 1537 1887 2267 2374 2540 
16 37 119 379 409 460 518 607 794 957 1223 1308 1519 1610 2286 2345 2441 
16 224 307 349 385 509 533 579 699 786 1136 1369 1475 1844 2317 2466 2539 
16 13 95 355 385 500 558 583 770 933 1263 1284 1495 1650 2262 2321 2481 
16 237 320 362 398 458 546 592 648 799 1149 1382 1488 1793 2330 2479 2552 
16 104 144 334 414 449 559 621 696 892 989 1351 1566 1701 2351 2375 2534 
16 49 67 327 421 472 530 619 806 905 1235 1320 1531 1622 2298 2357 2453 
16 83 187 377 393 492 538 600 675 871 968 1394 1545 1680 2330 2418 2513 
16 41 312 324 409 482 566 635 721 851 1166 1421 1539 1889 2269 2376 2542 
16 225 308 350 386 510 534 580 700 787 1137 1370 1476 1845 2318 2467 2540 
16 250 269 375 411 471 559 605 661 812 1098 1395 1501 1806 2343 2492 2501 
16 55 262 338 423 496 516 585 735 865 1180 1435 1553 1903 2283 2390 2556 
16 33 304 380 401 474 558 627 713 843 1158 1413 1595 1881 2261 2432 2534 
16 176 226 369 399 463 549 580 742 936 1048 1336 1415 1747 2287 2424 2456 
16 71 175 365 445 480 526 588 663 859 1020 1382 1597 1668 2318 2406 2501 
16 255 274 380 416 476 564 610 666 817 1103 1400 1506 1811 2348 2433 2506 
16 118 158 348 428 463 573 635 646 842 1003 1365 1580 1715 2365 2389 2548 
16 76 180 370 386 485 531 593 668 864 961 1387 1538 1673 2323 2411 2506 
16 11 282 358 443 452 536 605 755 885 1200 1455 1573 1859 2303 2410 2512 
16 64 82 342 436 487 545 634 821 920 1250 1335 1482 1637 2249 2308 2468 
16 48 319 331 416 489 573 578 728 858 1173 1428 1546 1896 2276 2383 2549 
16 25 107 367 397 512 570 595 782 945 1275 1296 1507 1662 2274 2333 2493 
16 208 291 333 433 493 517 627 683 770 1120 1353 1523 1828 2365 2450 2523 
16 248 267 373 409 469 557 603 659 810 1096 1393 1499 1804 2341 2490 2499 
16 105 145 335 415 450 560 622 697 893 990 1352 1567 1702 2352 2376 2535 
21 211 265 402 492 623 933 1242 1318 1447 1547 1766 1966 2001 2082 2135 2207 2302 2357 2384 2449 2506 
21 157 217 326 418 556 859 1158 1358 1507 1589 1727 1932 2048 2057 2122 2180 2294 2319 2384 2456 2506 
21 178 238 347 439 513 880 1179 1379 1528 1546 1684 1953 2005 2078 2143 2201 2251 2340 2405 2477 2527 
21 29 119 438 552 582 715 1031 1385 1440 1549 1871 1956 2025 2092 2143 2178 2292 2348 2428 2442 2555 
21 4 94 413 527 621 754 1070 1360 1415 1588 1910 1931 2000 2067 2118 2217 2267 2323 2403 2481 2530 
21 14 263 371 475 517 657 1014 1312 1372 1500 1813 1949 2014 2063 2134 2230 2256 2320 2385 2445 2499 
21 42 68 387 565 595 728 1044 1398 1453 1562 1884 1969 2038 2105 2156 2191 2241 2361 2377 2455 2504 
21 25 274 382 486 528 668 961 1323 1383 1511 1824 1960 2025 2074 2145 2177 2267 2331 2396 2456 2510 
21 58 307 351 455 561 701 994 1292 1352 1480 1793 1929 1994 2107 2114 2210 2300 2364 2429 2489 2543 
21 255 309 446 472 603 913 1222 1298 1427 1591 1746 1946 2045 2062 2115 2187 2282 2337 2428 2493 2550 
21 12 102 421 535 629 762 1078 1368 1423 1596 1918 1939 2008 2075 2126 2225 2275 2331 2411 2489 2538 
21 179 239 348 440 514 881 1180 1380 1529 1547 1685 1954 2006 2079 2144 2202 2252 2341 2406 2478 2528 
21 153 213 322 414 552 855 1154 1354 1503 1585 1723 1928 2044 2053 2118 2240 2290 2315 2380 2452 2502 
21 139 199 372 400 538 841 1204 1404 1489 1571 1709 1978 2030 2103 2168 2226 2276 2365 2430 2438 2552 
21 4 317 361 465 571 647 1004 1302 1362 1490 1803 1939 2004 2053 2124 2220 2246 2310 2375 2435 2553 
21 11 101 420 534 628 761 1077 1367 1422 1595 1917 1938 2007 2074 2125 2224 2274 2330 2410 2488 2537 
21 54 303 347 451 557 697 990 1288 1348 1476 1853 1925 1990 2103 2174 2206 2296 2360 2425 2485 2539 
21 105 132 343 454 626 813 1144 1344 1430 1481 1659 1953 2013 2111 2121 2212 2241 2337 2432 2467 2557 
21 166 226 335 427 565 868 1167 1367 1516 1598 1672 1941 1993 2066 2131 2189 2303 2328 2393 2465 2515 
21 41 290 334 502 544 684 977 1339 1399 1527 1840 1976 2041 2090 2161 2193 2283 2347 2412 2472 2526 
21 140 200 373 401 539 842 1205 1405 1490 1572 1710 1979 2031 2104 2169 2227 2277 2366 2431 2439 2553 
21 53 79 398 576 606 739 1055 1345 1464 1573 1895 1980 1985 2052 2167 2202 2252 2308 2388 2466 2515 
21 177 237 346 438 576 879 1178 1378 1527 1545 1683 1952 2004 2077 2142 2200 2250 2339 2404 2476 2526 
22 404 467 525 632 725 829 858 1021 1090 1275 1338 1576 1699 1797 1941 2045 2057 2174 2255 2326 2402 2471 
22 359 456 556 631 786 888 936 1010 1068 1202 1289 1398 1786 1871 1990 2095 2171 2195 2339 2394 2451 2537 
22 330 491 527 602 821 859 907 981 1039 1173 1324 1369 1757 1906 2025 2066 2142 2230 2310 2429 2486 2508 
22 334 391 476 604 674 720 903 998 1093 1180 1426 1530 1684 1902 1967 2042 2163 2185 2295 2307 2491 2520 
22 347 404 489 617 687 733 916 1011 1106 1193 1439 1479 1697 1915 1980 1991 2176 2198 2244 2320 2440 2533 
22 321 442 463 591 661 707 954 985 1144 1167 1413 1517 1671 1889 1954 2029 2150 2236 2282 2358 2478 2507 
22 344 411 549 592 687 881 937 1039 1136 1241 1357 1431 1649 1812 1950 2072 2130 2225 2291 2388 2490 2500 
22 330 387 472 600 670 716 899 994 1089 1176 1422 1526 1680 1898 1963 2038 2159 2181 2291 2367 2487 2516 
22 338 395 480 608 678 724 907 1002 1097 1184 1430 1534 1688 1906 1971 2046 2167 2189 2299 2311 2495 2524 
22 408 471 529 636 729 769 862 961 1094 1279 1342 1580 1703 1801 1945 1985 2061 2114 2259 2330 2406 2475 
22 327 448 469 597 667 713 960 991 1150 1173 1419 1523 1677 1895 1960 2035 2156 2178 2288 2364 2484 2513 
22 353 410 495 623 693 739 922 1017 1112 1199 1445 1485 1703 1857 1922 1997 2118 2204 2250 2326 2446 2539 
22 340 407 545 588 683 877 933 1035 1132 1237 1353 1427 1645 1808 1946 2068 2126 2221 2287 2384 2486 2560 
22 350 511 547 622 777 879 927 1001 1059 1193 1344 1389 1777 1862 2045 2086 2162 2186 2330 2385 2442 2528 
22 376 473 573 584 803 841 953 963 1085 1155 1306 1351 1739 1888 2007 2112 2124 2212 2356 2411 2468 2554 
22 369 418 492 518 682 748 783 1041 1188 1268 1510 1580 1610 1768 1933 2002 2075 2218 2251 2353 2408 2526 
22 357 414 499 627 697 743 926 1021 1116 1203 1449 1489 1707 1861 1926 2001 2122 2208 2254 2330 2450 2543 
22 425 488 546 589 746 786 879 978 1111 1232 1295 1597 1720 1818 1962 2002 2078 2131 2276 2347 2423 2492 
22 346 413 551 594 689 883 939 1041 1138 1243 1359 1433 1651 1814 1952 2074 2132 2227 2293 2390 2492 2502 
22 327 488 524 599 818 856 904 978 1036 1170 1321 1366 1754 1903 2022 2063 2139 2227 2307 2426 2483 2505 
22 356 405 479 569 669 735 770 1028 1175 1255 1497 1567 1661 1755 1984 1989 2062 2205 2302 2340 2395 2513 
22 352 409 494 622 692 738 921 1016 1111 1198 1444 1484 1702 1920 1921 1996 2117 2203 2249 2325 2445 2538 
22 366 423 508 636 642 752 935 966 1125 1212 1458 1498 1716 1870 1935 2010 2131 2217 2263 2339 2459 2552 
22 351 512 548 623 778 880 928 1002 1060 1194 1281 1390 1778 1863 2046 2087 2163 2187 2331 2386 2443 2529 
14 46 116 213 339 403 744 879 901 1424 2216 2292 2395 2457 2549 
14 56 126 223 349 413 754 889 911 1434 2226 2302 2405 2467 2559 
14 113 195 287 565 602 721 784 947 1315 2096 2249 2336 2376 2477 
14 8 169 216 469 561 668 732 886 1599 2027 2270 2347 2401 2550 
14 55 152 199 452 544 651 715 869 1582 2010 2253 2330 2384 2533 
14 96 242 270 548 585 768 831 930 1298 2079 2296 2319 2423 2460 
14 11 147 306 323 630 691 800 851 1376 2141 2322 2390 2458 2535 
14 49 119 216 342 406 747 882 904 1427 2219 2295 2398 2460 2552 
14 107 187 279 403 457 703 794 912 1514 1935 2293 2310 2485 2524 
14 48 118 215 341 405 746 881 903 1426 2218 2294 2397 2459 2551 
14 43 140 251 504 532 703 767 857 1570 1998 2241 2318 2372 2521 
14 86 166 258 446 500 682 773 955 1493 1978 2272 2353 2464 2503 
14 77 223 315 529 630 749 812 911 1343 2060 2277 2364 2404 2441 
14 71 217 309 523 624 743 806 905 1337 2054 2271 2358 2398 2435 
14 64 161 208 461 553 660 724 878 1591 2019 2262 2339 2393 2542 
14 57 129 288 369 612 673 782 833 1358 2123 2368 2372 2440 2517 
14 26 162 257 338 581 642 815 866 1391 2156 2337 2405 2473 2550 
14 40 137 248 501 529 700 764 854 1567 1995 2302 2315 2369 2518 
14 27 188 235 488 516 687 751 841 1554 2046 2289 2366 2420 2505 
14 4 165 212 465 557 664 728 882 1595 2023 2266 2343 2397 2546 
14 13 83 244 370 434 711 846 932 1455 2183 2259 2426 2488 2516 
14 124 140 296 420 474 656 811 929 1531 1952 2246 2327 2438 2541 
14 103 249 277 555 592 711 774 937 1305 2086 2303 2326 2430 2467 
31 21 98 156 200 361 410 471 557 577 765 801 913 994 1127 1258 1294 1406 1410 1510 1646 1677 1745 1803 1892 2027 2059 2140 2201 2271 2382 2481 
31 32 109 167 211 372 421 482 568 588 712 812 924 1005 1138 1269 1305 1353 1421 1521 1657 1688 1756 1814 1903 2038 2070 2151 2212 2282 2393 2492 
31 50 124 231 290 333 437 500 572 632 653 815 908 979 1093 1179 1319 1346 1515 1552 1609 1691 1771 1821 1875 1925 2018 2112 2209 2281 2368 2452 
31 18 132 210 259 370 409 465 526 626 764 869 934 1049 1106 1266 1318 1428 1499 1538 1658 1679 1736 1832 1871 1925 2007 2141 2199 2270 2405 2498 
31 64 77 135 243 340 389 450 536 620 744 780 956 973 1106 1237 1337 1385 1453 1489 1625 1720 1788 1846 1871 2006 2102 2119 2180 2250 2425 2460 
31 32 146 224 273 384 423 479 540 640 714 883 948 1063 1120 1280 1332 1442 1513 1552 1608 1693 1750 1846 1885 1939 2021 2155 2213 2284 2419 2512 
31 95 147 204 300 374 406 493 568 632 677 772 848 1007 1055 1170 1386 1416 1506 1593 1654 1694 1792 1824 1915 1949 2085 2138 2232 2346 2482 2550 
31 126 178 235 267 341 437 460 535 599 644 803 879 974 1086 1201 1353 1447 1473 1560 1621 1725 1759 1855 1882 1980 2052 2169 2199 2313 2449 2517 
31 63 177 255 304 351 390 510 571 607 745 850 915 1030 1151 1247 1299 1409 1480 1583 1639 1724 1781 1813 1916 1970 1988 2122 2180 2251 2386 2543 
31 83 135 256 288 362 394 481 556 620 665 824 836 995 1043 1158 1374 1468 1494 1581 1642 1682 1780 1812 1903 1937 2073 2126 2220 2334 2470 2538 
31 43 157 235 284 331 434 490 551 587 725 894 959 1074 1131 1227 1343 1453 1524 1563 1619 1704 1761 1793 1896 1950 2032 2166 2224 2295 2430 2523 
31 37 111 218 277 384 424 487 559 619 704 802 959 966 1144 1166 1306 1397 1502 1539 1660 1678 1758 1808 1862 1976 2005 2099 2196 2268 2355 2439 
31 26 103 161 205 366 415 476 562 582 706 806 918 999 1132 1263 1299 1347 1415 1515 1651 1682 1750 1808 1897 2032 2064 2145 2206 2276 2387 2486 
32 51 86 144 247 299 359 430 542 744 805 911 1008 1054 1145 1180 1261 1392 1530 1547 1601 1716 1767 1806 1905 2010 2106 2182 2263 2336 2391 2437 2521 
32 18 117 175 214 266 326 397 573 711 772 942 975 1085 1112 1211 1228 1359 1497 1578 1632 1683 1734 1837 1872 2041 2073 2213 2294 2367 2422 2468 2552 
32 52 75 168 228 291 372 454 586 699 751 857 990 1052 1101 1192 1219 1283 1460 1496 1663 1673 1759 1836 1882 1947 1985 2137 2303 2317 2375 2491 2509 
32 48 111 177 251 290 432 512 605 645 790 876 1016 1046 1144 1204 1271 1340 1417 1538 1660 1714 1765 1807 1897 1944 2099 2115 2272 2311 2394 2467 2525 
32 14 77 143 217 320 398 478 635 675 820 842 982 1076 1110 1170 1237 1306 1447 1568 1626 1680 1731 1837 1863 1974 2065 2145 2302 2341 2424 2433 2555 
32 35 122 151 211 274 355 501 633 682 734 840 973 1035 1148 1175 1266 1330 1443 1479 1646 1720 1742 1819 1865 1930 2032 2120 2286 2364 2422 2474 2556 
32 24 108 176 209 262 379 494 517 755 886 913 1005 1035 1140 1206 1267 1324 1373 1508 1617 1709 1751 1847 1908 2023 2170 2217 2304 2343 2411 2460 2525 
32 5 89 157 254 307 360 475 562 736 867 958 986 1080 1121 1187 1248 1305 1354 1489 1662 1690 1732 1828 1889 2004 2151 2198 2285 2324 2392 2441 2506 
32 1 122 137 211 276 391 539 617 703 825 957 962 1070 1125 1162 1233 1407 1441 1566 1636 1675 1785 1844 1895 1949 2079 2198 2291 2309 2429 2467 2553 
32 5 92 185 245 308 325 471 603 652 768 874 1007 1069 1118 1209 1236 1300 1413 1513 1616 1690 1776 1853 1899 1964 2002 2154 2256 2334 2392 2444 2526 
32 23 86 152 226 265 407 487 580 684 829 851 991 1085 1119 1179 1246 1315 1456 1577 1635 1689 1740 1846 1872 1983 2074 2154 2247 2350 2369 2442 2500 
32 30 87 166 240 305 420 568 582 668 790 922 991 1035 1090 1191 1262 1372 1470 1595 1601 1704 1750 1809 1860 1978 2108 2227 2256 2338 2394 2496 2518 
32 19 118 176 215 267 327 398 574 712 773 943 976 1086 1113 1212 1229 1360 1498 1579 1633 1684 1735 1838 1873 2042 2074 2214 2295 2368 2423 2469 2553 
12 349 454 574 732 777 1363 1924 2043 2059 2245 2408 2451 
12 424 529 610 774 836 1422 2043 2082 2152 2333 2477 2560 
12 321 457 596 893 925 1497 2067 2169 2226 2244 2375 2504 
12 356 420 574 703 958 1565 1964 2119 2211 2256 2321 2455 
12 329 393 547 676 931 1538 1937 2156 2184 2293 2358 2492 
12 428 480 618 671 746 1291 1965 2002 2187 2338 2385 2529 
12 369 433 523 652 907 1578 1977 2132 2224 2269 2334 2468 
12 433 538 619 783 845 1431 1988 2091 2161 2342 2486 2505 
12 431 536 617 781 843 1429 1986 2089 2159 2340 2484 2503 
12 409 514 595 823 885 1471 2028 2067 2137 2318 2462 2545 
12 377 441 531 660 915 1586 1921 2140 2232 2277 2342 2476 
12 321 385 539 668 923 1594 1929 2148 2240 2285 2350 2484 
12 344 449 569 727 772 1358 1983 2038 2054 2304 2403 2446 
12 408 460 598 651 726 1335 1945 2046 2231 2318 2429 2509 
12 325 389 543 672 927 1598 1933 2152 2180 2289 2354 2488 
12 427 532 613 777 839 1425 2046 2085 2155 2336 2480 2499 
12 327 391 545 674 929 1600 1935 2154 2182 2291 2356 2490 
12 363 499 638 871 903 1475 2109 2147 2204 2286 2417 2546 
12 334 470 609 842 938 1510 2080 2118 2239 2257 2388 2517 
12 392 508 582 699 710 1319 1929 2030 2215 2366 2413 2557 
12 508 545 581 661 816 1315 1449 1502 2212 2359 2404 2534 
12 380 432 495 690 881 1329 1353 1528 2080 2253 2401 2500 
12 351 541 639 719 849 1377 1519 1583 1944 2249 2374 2480 
12 372 433 624 779 956 1343 1458 1537 1993 2367 2482 2506 
12 411 501 516 731 952 1405 1438 1571 2135 2294 2320 2489 
12 323 513 611 755 885 1349 1491 1555 1980 2285 2410 2452 
12 341 531 629 709 839 1367 1509 1573 1934 2303 2428 2470 
12 466 567 603 683 774 1337 1471 1524 2234 2317 2426 2556 
12 415 505 520 735 956 1345 1442 1575 2139 2298 2324 2493 
12 374 564 598 742 872 1400 1478 1542 1967 2272 2397 2439 
12 504 541 577 657 812 1311 1445 1498 2208 2355 2400 2530 
12 365 417 480 675 866 1314 1402 1513 2065 2302 2386 2549 
12 404 494 573 724 945 1398 1431 1564 2128 2287 2313 2482 
12 381 571 605 749 879 1407 1485 1549 1974 2279 2404 2446 
12 496 533 633 649 804 1303 1437 1490 2200 2347 2392 2522 
12 491 528 628 644 799 1298 1432 1485 2195 2342 2387 2517 
12 337 398 589 808 921 1308 1423 1566 2022 2332 2447 2535 
12 501 538 638 654 809 1308 1442 1495 2205 2352 2397 2527 
12 331 521 619 763 893 1357 1499 1563 1924 2293 2418 2460 
12 388 478 557 708 929 1382 1415 1548 2176 2271 2361 2466 
11 59 337 472 570 717 779 915 1539 2281 2358 2515 
11 171 359 489 626 748 879 907 1375 2361 2392 2476 
11 35 377 512 546 757 819 955 1579 2257 2334 2555 
11 253 350 408 553 693 826 958 1460 2377 2470 2536 
11 242 339 397 542 682 815 947 1449 2430 2459 2525 
11 155 343 473 610 732 863 955 1359 2345 2376 2460 
11 88 394 546 634 648 812 863 1299 2252 2318 2432 
11 53 331 466 564 711 773 909 1597 2275 2352 2509 
11 29 371 506 540 751 813 949 1573 2251 2328 2549 
11 306 443 488 638 661 716 843 1511 2245 2487 2515 
11 245 342 400 545 685 818 950 1452 2369 2462 2528 
11 187 375 505 578 764 895 923 1391 2313 2408 2492 
11 279 416 461 611 698 753 880 1484 2282 2460 2552 
11 138 326 456 593 715 846 938 1406 2328 2423 2443 
11 236 333 391 536 676 809 941 1443 2424 2453 2519 
11 152 340 470 607 729 860 952 1356 2342 2373 2457 
11 260 397 506 592 679 734 861 1529 2263 2441 2533 
11 315 388 497 583 670 725 852 1520 2254 2496 2524 
11 84 390 542 630 644 808 859 1295 2248 2314 2428 
11 68 438 526 614 692 792 843 1343 2296 2362 2412 
10 345 448 533 688 769 863 1216 1344 2390 2447 
10 324 497 616 746 826 913 1127 1579 2307 2385 
10 420 520 614 675 721 875 1086 1512 2247 2364 
10 328 501 620 750 830 917 1131 1583 2311 2389 
10 407 508 636 764 861 917 1268 1364 2446 2531 
10 379 488 607 737 817 904 1118 1570 2362 2376 
10 410 511 639 767 864 920 1271 1367 2449 2534 
10 408 509 637 765 862 918 1269 1365 2447 2532 
10 444 481 609 737 834 954 1241 1401 2483 2504 
10 339 512 529 702 801 930 980 1451 2279 2520 
10 333 436 521 676 821 851 1204 1332 2378 2435 
10 340 449 530 703 802 931 981 1452 2280 2521 
10 365 474 555 664 827 956 1006 1413 2241 2546 
10 445 545 639 700 746 836 1047 1473 2272 2325 
10 354 463 544 653 816 945 995 1466 2294 2535 
10 406 570 600 661 707 861 1072 1498 2297 2350 
10 403 504 632 760 857 913 1264 1360 2442 2527 
10 354 393 542 697 778 872 1161 1289 2399 2456 
10 397 561 591 652 762 852 1063 1489 2288 2341 
10 344 453 534 643 806 935 985 1456 2284 2525 
9 349 443 1363 1436 1542 1773 2265 2312 2456 
9 336 634 1337 1365 1481 1694 2296 2397 2525 
9 529 621 1322 1465 1547 1604 2335 2484 2499 
9 507 550 1361 1529 1542 1903 2284 2369 2458 
9 441 510 1321 1422 1508 1800 2355 2379 2535 
9 333 427 1347 1420 1590 1757 2249 2360 2440 
9 344 438 1358 1431 1537 1768 2260 2307 2451 
9 455 562 1373 1477 1554 1915 2296 2381 2470 
9 554 582 1283 1426 1572 1629 2360 2445 2524 
9 486 529 1404 1508 1585 1882 2263 2412 2437 
9 493 536 1347 1515 1592 1889 2270 2419 2444 
9 454 561 1372 1476 1553 1914 2295 2380 2469 
9 537 629 1330 1409 1555 1612 2343 2492 2507 
9 504 547 1358 1526 1539 1900 2281 2430 2455 
9 516 608 1309 1452 1598 1655 2322 2471 2550 
9 557 585 1286 1429 1575 1632 2363 2448 2527 
9 543 635 1336 1415 1561 1618 2349 2434 2513 
9 525 617 1318 1461 1543 1664 2331 2480 2559 
9 356 386 1370 1443 1549 1780 2272 2319 2463 
9 524 616 1317 1460 1542 1663 2330 2479 2558 
9 108 453 566 591 931 2129 2299 2337 2553 
9 3 401 485 531 846 2058 2264 2458 2510 
9 239 368 420 596 754 1971 2327 2411 2475 
9 221 350 402 578 736 1953 2309 2393 2457 
9 60 394 478 524 839 2051 2257 2451 2503 
9 63 397 481 527 842 2054 2260 2454 2506 
9 141 354 546 578 678 2210 2259 2334 2416 
9 283 329 418 509 796 1999 2381 2468 2508 
9 192 341 533 629 665 2197 2246 2321 2403 
9 197 326 442 618 712 1929 2349 2369 2433 
9 284 330 419 510 797 2000 2382 2469 2509 
9 110 455 568 593 933 2131 2301 2339 2555 
9 246 375 427 603 761 1978 2334 2418 2482 
9 56 390 474 520 835 2111 2253 2447 2499 
9 88 497 546 635 911 2173 2279 2317 2533 
9 249 378 430 606 764 1981 2337 2421 2485 
9 85 494 543 632 908 2170 2276 2314 2530 
9 144 357 549 581 681 2213 2262 2337 2419 
9 70 479 528 617 957 2155 2261 2363 2515 
9 130 343 535 631 667 2199 2248 2323 2405 
8 359 434 484 651 718 942 1197 2296 
8 350 425 475 642 709 933 1188 2287 
8 503 558 633 722 795 886 1022 2411 
8 501 556 631 720 793 884 1020 2409 
8 447 507 553 703 707 832 1280 2361 
8 439 499 545 695 763 824 1272 2353 
8 450 569 580 733 806 833 969 2422 
8 357 432 482 649 716 940 1195 2294 
8 353 514 579 813 891 914 1082 2466 
8 449 568 579 732 805 896 968 2421 
8 354 515 580 814 892 915 1083 2467 
8 349 574 639 809 887 910 1078 2462 
8 414 474 520 670 738 799 1247 2328 
8 327 402 452 683 750 910 1165 2264 
8 379 390 504 671 738 898 1153 2252 
8 345 409 590 698 886 907 1115 2505 
8 485 540 615 768 777 868 1004 2393 
8 463 518 593 746 819 846 982 2371 
8 371 532 597 831 845 932 1036 2484 
8 468 523 598 751 824 851 987 2376 
8 378 466 679 793 1381 1572 2334 2490 
8 326 478 691 805 1393 1584 2346 2438 
8 493 601 824 949 1392 1479 2265 2433 
8 434 544 762 884 1309 1417 2422 2548 
8 441 615 730 960 1320 1505 2245 2390 
8 420 530 748 870 1295 1467 2408 2534 
8 335 515 661 877 1436 1557 2342 2522 
8 360 512 661 775 1363 1554 2316 2472 
8 444 554 708 894 1319 1427 2432 2558 
8 426 600 715 945 1305 1490 2294 2375 
8 322 566 648 864 1423 1544 2329 2509 
8 428 538 756 878 1303 1411 2416 2542 
8 508 616 775 900 1407 1494 2280 2448 
8 512 620 779 904 1347 1498 2284 2452 
8 442 616 731 897 1321 1506 2246 2391 
8 354 534 680 896 1455 1576 2361 2541 
8 377 557 703 855 1414 1599 2320 2500 
8 418 592 707 937 1297 1482 2286 2431 
8 336 516 662 878 1437 1558 2343 2523 
8 369 457 670 784 1372 1563 2325 2481 
